"GEOID" "total" "p0_17" "p30_99" "p0_1" "p0_99" "p8_12" "p0_17.1" "p65_99" "p6_18" "p6_14" "p18_64" "p5_17"
"80002" 17932 3456 11064 181.8 17932 1056.8 3456 2174 2599.2 1877.2 12302 2547
"80003" 35797 8432 21278 416.6 35797 2496.4 8432 4442 6374.2 4467.2 22923 6349
"80004" 36680 7827 23774 449.2 36680 2191.2 7827 6233 5585.7 3931.2 22620 5581
"80005" 27523 6525 17727 337.2 27523 1790.2 6525 3875 4781.3 3219.8 17123 4839
"80007" 7061 1785 4731 54.4 7061 540.2 1785 1017 1476.9 977.4 4259 1513
"80010" 43999 14488 20669 934.2 43999 3884.6 14488 2677 9594.8 7053.8 26834 9817
"80011" 47287 13736 23905 903.2 47287 3582 13736 4265 9257 6516 29286 9220
"80012" 48382 12727 26776 810 48382 3346.2 12727 5119 8395.4 6111.4 30536 8677
"80013" 71619 19161 40739 1055.4 71619 5502.4 19161 4725 13713.9 9914.4 47733 13884
"80014" 37059 6497 24822 358.4 37059 1789.2 6497 7762 4689.2 3201.2 22800 4705
"80015" 64819 18439 37582 868.8 64819 5348.8 18439 4215 13965.3 9556.8 42165 14095
"80016" 45795 13403 26734 576 45795 4065.4 13403 4699 10126.7 7378.2 27693 10523
"80017" 33978 9522 17937 599.8 33978 2560.4 9522 2166 6479.9 4602.4 22290 6523
"80018" 10512 3266 6150 189.8 10512 976 3266 694 2176.5 1776 6552 2317
"80019" 2349 875 1163 34.8 2349 219.2 875 156 667.7 393.2 1318 701
"80020" 49118 12458 29347 648.4 49118 3573.2 12458 4480 9106.1 6397.6 32180 9216
"80021" 30705 6415 17832 339.6 30705 1746.8 6415 3169 4787.6 3125.6 21121 4717
"80022" 45663 15057 23621 979.4 45663 4062 15057 3504 10006.5 7300 27102 10160
"80023" 17186 4807 11162 212.6 17186 1547.2 4807 2477 3462.4 2800.4 9902 3744
"80024" 606 201 283 4.4 606 73.4 201 9 171.6 130.6 396 179
"80025" 251 76 174 0 251 38.4 76 61 76 64 114 76
"80026" 27389 6238 17387 351 27389 1695.2 6238 2830 4436.5 3034 18321 4483
"80027" 31946 8180 19734 399.2 31946 2389.4 8180 2561 6001.1 4294.6 21205 6184
"80030" 16045 3910 9602 258.4 16045 1034.4 3910 1724 2561.9 1888.4 10411 2618
"80031" 35081 8264 21304 456.4 35081 2482.8 8264 4311 5935 4422 22506 5982
"80033" 24838 4688 16694 229 24838 1334.2 4688 4770 3485.9 2421.4 15380 3543
"80045" 612 10 249 0.4 612 4.8 10 37 8 8 565 8
"80101" 332 82 235 6.8 332 17.2 82 61 42.4 32.4 189 48
"80102" 5136 1205 3283 40 5136 393.2 1205 417 1011.9 700.4 3514 1005
"80103" 2682 664 1729 31.6 2682 206.8 664 358 469 378 1660 506
"80104" 28558 8153 16957 434 28558 2353.2 8153 2535 5822.3 4250.8 17870 5983
"80105" 1165 264 804 17 1165 75 264 196 165.9 139.4 705 179
"80106" 4457 1287 2761 28.2 4457 385.8 1287 397 1147.6 676.6 2773 1146
"80107" 12575 3348 7998 93 12575 1118 3348 1317 2865 1998 7910 2883
"80108" 23949 7380 14533 345 23949 2173.2 7380 2685 5440.2 3935.2 13884 5655
"80109" 18986 5962 10992 324.8 18986 1814 5962 1357 4158.4 3264.4 11667 4338
"80110" 21457 4677 12625 255.6 21457 1334.8 4677 2397 3383.1 2373.6 14383 3399
"80111" 30537 7784 18895 251.2 30537 2441.6 7784 3321 6433.8 4364.8 19432 6528
"80112" 30342 6772 18308 293.6 30342 1937.8 6772 3359 5214.8 3501.8 20211 5304
"80113" 21165 4204 13696 255.4 21165 1108 4204 2958 2889 1990 14003 2927
"80116" 3800 711 2794 21.6 3800 190 711 738 617.8 340.8 2351 603
"80117" 2699 598 1758 23.6 2699 173.4 598 439 467.7 314.2 1662 480
"80118" 5379 1100 3833 40.6 5379 312.4 1100 868 910.8 556.8 3411 897
"80120" 29957 5665 19472 346.4 29957 1436.2 5665 5482 4077.2 2596.2 18810 3933
"80121" 18616 4234 12514 205.4 18616 1289.2 4234 3904 3183.8 2282.8 10478 3207
"80122" 31230 7046 20718 306 31230 2090.6 7046 5011 5383 3721 19173 5516
"80123" 44795 9327 28973 433.6 44795 2722 9327 6343 7041.3 4902.8 29125 7159
"80124" 19276 5120 11245 202.6 19276 1469 5120 1626 4070.2 2608.2 12530 4107
"80125" 10540 3068 6535 183.2 10540 826.6 3068 935 2000 1529 6537 2152
"80126" 41667 12790 24782 553.6 41667 3842.2 12790 2954 9709.9 6943.4 25923 10022
"80127" 44570 11133 28310 434.2 44570 3318.2 11133 4207 9007.1 5932.6 29230 8962
"80128" 35691 8195 22730 362.6 35691 2453.4 8195 4212 6322.7 4394.2 23284 6382
"80129" 28112 8605 16506 372 28112 2649.2 8605 2368 6474.5 4780 17139 6745
"80130" 28764 9308 16690 466.4 28764 2807.4 9308 2499 6577 5115 16957 6976
"80131" 144 0 144 0 144 0 0 65 0 0 79 0
"80132" 20221 5692 12811 189.4 20221 1810.8 5692 2535 4658.4 3226.4 11994 4745
"80133" 2154 541 1327 32.8 2154 149.4 541 190 355.1 274.6 1423 377
"80134" 58232 17293 33772 798.6 58232 5244.8 17293 3715 12954.8 9432.8 37224 13300
"80135" 3856 715 2821 14.8 3856 243.8 715 660 669.9 431.4 2481 641
"80136" 5074 1488 3066 88.6 5074 364.2 1488 464 1038.3 643.8 3122 1045
"80137" 1153 306 691 0 1153 58 306 196 344.9 102.4 651 306
"80138" 30693 8396 19120 377 30693 2633.2 8396 2846 6468.6 4691.6 19451 6511
"80202" 11474 310 6677 32.4 11474 30.8 310 809 271.5 56 10355 148
"80203" 20214 680 11486 49.6 20214 191.8 680 1349 405.3 355.8 18185 432
"80204" 31133 7269 16142 521.4 31133 1905.8 7269 2846 4771.7 3470.2 21018 4662
"80205" 30956 6078 17858 364.8 30956 1663.6 6078 2390 4088.6 3017.6 22488 4254
"80206" 21295 2400 14370 185.6 21295 591.2 2400 2764 1380.3 1082.8 16131 1472
"80207" 23296 5766 13981 445 23296 1387.2 5766 3006 3405 2532 14524 3541
"80209" 23413 2809 16185 238 23413 679.8 2809 3144 1519.2 1262.2 17460 1619
"80210" 35974 5683 20330 401.6 35974 1456.4 5683 3528 4363.2 2669.2 26763 3675
"80211" 32797 5699 20805 424.8 32797 1307.6 5699 3333 3518.9 2388.4 23765 3575
"80212" 18570 2998 12378 234 18570 664.8 2998 2458 1842.1 1185.6 13114 1828
"80214" 25598 5232 14627 405.4 25598 1243.2 5232 3192 3175.7 2273.2 17174 3205
"80215" 18231 3522 11826 185.2 18231 979 3522 3284 2508.9 1767.4 11425 2596
"80216" 11232 3400 5138 218.4 11232 909 3400 628 2306.3 1647.8 7204 2308
"80218" 18462 1648 11654 156 18462 323.2 1648 2026 875.4 586.4 14788 868
"80219" 65449 21108 32648 1134.2 65449 6112.6 21108 5921 14955.2 11060.2 38420 15437
"80220" 36162 7598 22144 535 36162 1860.2 7598 3661 4991.6 3338.6 24903 4923
"80221" 40341 9847 22418 688.4 40341 2478 9847 4051 6483 4490 26443 6405
"80222" 20673 3764 13269 310.2 20673 892.2 3764 3039 2263 1603 13870 2213
"80223" 17912 4472 10263 310.6 17912 1097 4472 1605 2841.5 2015 11835 2919
"80224" 17454 3144 11631 247.2 17454 790.4 3144 3578 1847.9 1432.4 10732 1908
"80226" 31616 6920 18273 401.8 31616 1793.4 6920 4634 4993.2 3270.2 20062 4911
"80227" 34139 6952 20865 454.4 34139 1798.4 6952 5083 4711.5 3262 22104 4680
"80228" 31455 6242 19792 371.4 31455 1585 6242 4133 4397.1 2864.6 21080 4385
"80229" 51224 15334 25701 875.6 51224 4378.6 15334 3961 10788.4 7851.4 31929 10956
"80230" 8393 2118 5228 104 8393 668.6 2118 799 1510.9 1223.4 5476 1598
"80231" 34516 6496 20506 471.8 34516 1661.8 6496 3903 3963.5 3067 24117 4137
"80232" 21642 4243 14078 282.4 21642 1083.2 4243 3604 2811.6 1947.6 13795 2831
"80233" 46886 11471 26598 628.8 46886 3215.2 11471 4592 8232.1 5849.6 30823 8327
"80234" 26289 6171 15220 308.8 26289 1820 6171 2864 4580.3 3254.8 17254 4627
"80235" 7888 1629 5000 95 7888 392.2 1629 1116 1163.1 696.6 5143 1154
"80236" 16914 4178 9852 269.6 16914 1083.2 4178 2529 2842.5 1940 10207 2830
"80237" 18445 2498 12385 152.6 18445 653.2 2498 3082 1716.5 1196 12865 1735
"80238" 11965 4198 7230 374.6 11965 989.6 4198 443 2030.7 1849.2 7324 2325
"80239" 43211 14201 20671 769.4 43211 4287 14201 2538 10237.3 7711.8 26472 10354
"80241" 33242 8979 19027 463.4 33242 2631.8 8979 2713 6525.3 4743.8 21550 6662
"80246" 12719 1516 6750 145 12719 294.2 1516 1120 812.6 536.6 10083 791
"80247" 25588 4441 15814 336.8 25588 1023.2 4441 4359 2744.6 1867.6 16788 2757
"80249" 27505 9236 14722 490.4 27505 2768 9236 1367 6517.7 4969.2 16902 6784
"80260" 33835 9976 17828 585.2 33835 2799.6 9976 3277 6801.1 5075.6 20582 7050
"80264" 0 0 0 0 0 0 0 0 0 0 0 0
"80290" 0 0 0 0 0 0 0 0 0 0 0 0
"80293" 0 0 0 0 0 0 0 0 0 0 0 0
"80294" 0 0 0 0 0 0 0 0 0 0 0 0
"80301" 23980 4239 15060 232.4 23980 1214.6 4239 2750 3055.4 2179.4 16991 3077
"80302" 28003 2358 11805 129 28003 729.4 2358 2387 2791.2 1312.2 23258 1713
"80303" 23505 3209 11992 154.8 23505 894.6 3209 3413 2648.1 1600.6 16883 2435
"80304" 26471 5591 16270 300 26471 1664.6 5591 3070 3909.1 2982.6 17810 4091
"80305" 17401 3086 9829 176.4 17401 818.2 3086 2032 2287.9 1485.4 12283 2204
"80310" 6630 90 29 0 6630 0 90 0 2849.5 0 6540 90
"80401" 39336 7169 23961 365.8 39336 2015 7169 5626 5729.3 3633.8 26541 5340
"80403" 18345 3815 12727 167.8 18345 1190.4 3815 2401 2913.4 2132.4 12129 2976
"80419" 382 0 153 0 382 0 0 0 32.5 0 382 0
"80420" 955 232 624 10 955 70.8 232 28 170.9 128.4 695 182
"80421" 8189 1805 5715 70.4 8189 548.4 1805 988 1442.7 991.2 5396 1453
"80422" 4424 1000 3088 43.4 4424 298.2 1000 423 742.1 534.6 3001 783
"80423" 132 0 124 0 132 0 0 25 4 0 107 0
"80424" 9546 1574 5709 95.6 9546 465.6 1574 1230 1066.2 835.2 6742 1096
"80425" 244 25 184 2 244 9 25 81 15 15 138 15
"80426" 217 0 156 0 217 0 0 20 0 0 197 0
"80427" 759 137 539 8 759 41.4 137 57 88 75 565 97
"80428" 613 264 324 8.6 613 95 264 33 211 165 316 221
"80432" 104 0 104 0 104 0 0 11 0 0 93 0
"80433" 8348 1709 5966 69 8348 469.4 1709 1124 1379.7 846.2 5515 1364
"80434" 47 15 32 0 47 8 15 8 14 14 24 15
"80435" 7928 1388 4609 69.8 7928 429.2 1388 422 1046.1 769.6 6118 1039
"80436" 469 47 406 0 469 18.8 47 95 45.6 37.6 327 47
"80438" 350 58 263 5.8 350 7 58 33 29.1 12.6 259 29
"80439" 23746 4955 17292 134.2 23746 1624.8 4955 4051 4179.3 2912.8 14740 4284
"80440" 2353 410 1526 28.2 2353 96.4 410 96 273.1 163.6 1847 269
"80442" 2759 550 1836 32.4 2759 172.2 550 388 362.3 309.8 1821 388
"80443" 3345 491 2281 25.6 3345 157.2 491 462 343.8 274.8 2392 363
"80444" 1175 163 784 5.6 1175 49.6 163 177 131.4 90.4 835 135
"80446" 3604 908 2283 59.6 3604 284.6 908 355 614.6 498.6 2341 610
"80447" 1675 194 1473 8 1675 57.8 194 489 153 97 992 154
"80448" 278 8 270 0 278 0 8 123 8 0 147 8
"80449" 753 4 723 0.8 753 0 4 224 5.5 0 525 0
"80451" 812 214 489 10.8 812 76 214 47 171.7 133.2 551 160
"80452" 2762 544 1788 39.4 2762 148.2 544 321 342.7 258.2 1897 347
"80453" 267 48 175 0 267 24 48 16 54.7 43.2 203 48
"80454" 1124 247 741 11.4 1124 60.2 247 164 177.9 111.4 713 190
"80455" 531 70 371 3.8 531 18 70 101 65.1 31.6 360 51
"80456" 798 63 701 6 798 17 63 148 30.2 30.2 587 33
"80457" 663 249 323 11.8 663 68.2 249 9 182.6 118.6 405 190
"80459" 2651 836 1513 33 2651 275.2 836 171 677.8 480.8 1644 671
"80461" 7170 1652 4324 111.6 7170 429 1652 654 1060.3 781.8 4864 1094
"80463" 140 26 108 0 140 7 26 24 28.2 12.2 90 26
"80465" 16003 3632 10711 174.6 16003 1011.2 3632 1980 2667.7 1833.2 10391 2759
"80466" 3269 639 2205 24.8 3269 220.4 639 330 481.6 399.6 2300 515
"80467" 2173 353 1540 27 2173 92.2 353 233 218.1 166.6 1587 218
"80468" 350 5 307 1 350 0 5 57 0 0 288 0
"80469" 271 41 184 3.6 271 9.2 41 36 18.4 18.4 194 23
"80470" 3551 666 2610 30.6 3551 212.6 666 387 478.9 383.4 2498 513
"80471" 0 0 0 0 0 0 0 0 0 0 0 0
"80473" 52 0 52 0 52 0 0 43 0 0 9 0
"80475" 66 0 66 0 66 0 0 34 0 0 32 0
"80476" 248 35 188 2.6 248 8.8 35 49 21.6 15.6 164 22
"80477" 414 118 198 14.8 414 26.4 118 40 80 44 256 44
"80478" 1531 127 829 0 1531 27 127 205 141.5 45 1199 127
"80479" 26 0 26 0 26 0 0 5 0 0 21 0
"80480" 1290 267 912 11 1290 87.6 267 234 196.8 160.8 789 212
"80481" 778 136 632 2.4 778 33 136 144 120.2 58.2 498 124
"80482" 1084 158 821 10 1084 45.2 158 83 92.6 85.6 843 108
"80483" 496 83 373 2.8 496 28.8 83 78 72.9 52.4 335 69
"80487" 16944 3226 10637 131.6 16944 921.2 3226 1700 2568.5 1680 12018 2568
"80488" 46 0 35 0 46 0 0 0 0 0 46 0
"80497" 364 12 312 0 364 0 12 0 12 0 352 12
"80498" 7299 1318 4940 95.2 7299 347.8 1318 588 842.9 599.4 5393 842
"80501" 41201 10502 23576 615.6 41201 2932.4 10502 5017 7347.7 5313.2 25682 7424
"80503" 32657 8361 20324 309.6 32657 2558.6 8361 4527 6765.9 4559.4 19769 6813
"80504" 48431 13513 28450 815.8 48431 3631.6 13513 4797 9036.5 6610 30121 9434
"80510" 560 72 400 4.2 560 25.8 72 129 49.8 43.8 359 51
"80511" 129 0 63 0 129 0 0 10 4.5 0 119 0
"80512" 1962 292 1463 17.8 1962 70.6 292 499 205.9 137.4 1171 203
"80513" 10660 2543 7268 76.8 10660 871.8 2543 1680 2139 1545 6437 2159
"80514" 4554 1134 2678 63 4554 285.2 1134 473 797.2 523.2 2947 819
"80515" 1059 110 906 0 1059 36.4 110 217 104.4 64.4 732 110
"80516" 21987 6329 13648 331 21987 1847.4 6329 1617 4423.7 3372.2 14041 4674
"80517" 9133 1242 6980 70.6 9133 333.8 1242 3054 860.4 623.4 4837 889
"80520" 1475 407 835 21 1475 137.2 407 107 280.7 247.2 961 302
"80521" 35697 4143 11494 241 35697 1103.4 4143 1943 5660.6 2008.6 29611 2938
"80524" 32068 6548 19006 425.2 32068 1795.4 6548 4304 4354.6 3238.6 21216 4422
"80525" 49259 9930 28977 557.8 49259 2729.4 9930 6235 7222.8 4885.8 33094 7141
"80526" 45522 9708 23500 574.8 45522 2582.8 9708 4127 6896.8 4678.8 31687 6834
"80528" 18576 5899 10774 217.8 18576 1904.8 5899 1615 4678.4 3404.4 11062 4810
"80530" 3622 997 2065 38.6 3622 329.2 997 306 834.7 581.2 2319 804
"80532" 100 0 100 0 100 0 0 62 0 0 38 0
"80534" 13068 3875 7543 209.8 13068 1164 3875 1235 2727 2070 7958 2826
"80535" 2962 521 2176 20.4 2962 160 521 501 427.5 284 1940 419
"80536" 2029 386 1548 16.6 2029 121.2 386 629 274.8 222.8 1014 303
"80537" 40278 8657 25948 502.8 40278 2426.6 8657 6329 6124.1 4320.6 25292 6143
"80538" 45636 10353 29009 496 45636 3010.8 10353 7516 7777.2 5399.2 27767 7873
"80540" 4888 884 3459 40.6 4888 214.6 884 702 646.6 398.6 3302 681
"80542" 3705 1062 2377 40.4 3705 335 1062 332 821.4 597.4 2311 860
"80543" 6094 1715 3310 108.6 6094 515 1715 468 1144.5 923 3911 1172
"80544" 0 0 0 0 0 0 0 0 0 0 0 0
"80545" 638 29 568 0 638 4 29 270 27 8 339 29
"80546" 110 12 72 1.6 110 1.6 12 37 5.7 3.2 61 4
"80547" 1223 448 654 35.2 1223 105.8 448 135 253.1 192.6 640 272
"80549" 9540 2920 5302 159.2 9540 813 2920 685 2075.7 1454.2 5935 2124
"80550" 22406 6297 13506 328.2 22406 1834 6297 2123 4437.6 3299.6 13986 4656
"80601" 35764 10561 19960 495.8 35764 3292.4 10561 3293 7900.1 5887.6 21910 8082
"80602" 28909 8860 16837 493.2 28909 2567.2 8860 2045 5999.4 4636.4 18004 6394
"80603" 11502 3334 6606 232.2 11502 891.2 3334 1040 2067.3 1604.8 7128 2173
"80610" 2732 797 1661 47.4 2732 217.8 797 399 532.8 393.8 1536 560
"80611" 626 154 441 2.6 626 37 154 81 134.8 67.8 391 141
"80612" 428 47 364 0 428 19.4 47 107 53.3 33.8 274 47
"80615" 7694 2207 4685 112.2 7694 670.8 2207 953 1633.5 1198 4534 1646
"80620" 17633 5672 8047 300.2 17633 1610.2 5672 1228 4079.1 2952.6 10733 4171
"80621" 11924 3293 7023 158.6 11924 992.6 3293 1336 2453.3 1789.8 7295 2500
"80622" 238 123 83 4.6 238 38.8 123 3 102 66 112 100
"80623" 976 278 558 11 976 75.6 278 118 219 138 580 223
"80624" 1224 436 592 24.6 1224 139.4 436 44 304.2 248.2 744 313
"80631" 50466 12768 21524 812.6 50466 3358 12768 4507 10122 6082 33191 8705
"80634" 55464 14164 33162 701.8 55464 4150.6 14164 7615 10291 7473 33685 10655
"80640" 11692 3834 6085 230.6 11692 1084.2 3834 532 2588.8 1953.8 7326 2681
"80642" 5050 1072 3289 66.6 5050 263.8 1072 392 737.4 469.4 3586 739
"80643" 3331 799 2138 20.6 3331 256 799 480 659.6 461.6 2052 696
"80644" 3104 797 1906 32.6 3104 190.4 797 352 626.2 341.2 1955 634
"80645" 4567 1146 2763 40 4567 420.2 1146 588 937.2 750.2 2833 946
"80648" 1032 279 616 5.4 1032 76.2 279 80 254.9 135.4 673 252
"80649" 193 22 167 1.8 193 4.8 22 46 13 8 125 13
"80650" 1532 304 1017 16.6 1532 72.6 304 237 225.6 128.6 991 221
"80651" 4110 981 2519 49.2 4110 284.2 981 605 724.1 510.6 2524 735
"80652" 237 11 197 0 237 6.6 11 90 18.5 11 136 11
"80653" 683 113 489 3.2 683 39.8 113 148 101 71 422 97
"80654" 2518 622 1537 33.4 2518 149.4 622 401 460.6 266.6 1495 455
"80701" 16370 4689 9184 207.6 16370 1411.8 4689 2318 3543 2569 9363 3651
"80705" 906 234 505 12.4 906 66.4 234 124 175 116 548 172
"80720" 2833 568 1844 27.8 2833 143.4 568 543 414.4 263.4 1722 429
"80721" 147 17 112 0 147 10.2 17 32 17 17 98 17
"80722" 280 78 159 8.6 280 12.2 78 37 33.4 21.4 165 35
"80723" 7099 1943 4051 154.8 7099 420.4 1943 1052 1167.4 764.4 4104 1169
"80726" 438 96 300 0.8 438 32 96 67 100.5 54 275 92
"80727" 314 105 173 4.4 314 26 105 23 78.1 47.6 186 83
"80728" 1033 256 625 12.2 1033 82.6 256 103 201.1 146.6 674 195
"80729" 527 85 396 4.4 527 29.2 85 172 60.4 52.4 270 63
"80731" 1342 279 898 11.6 1342 83.2 279 319 233 150 744 221
"80733" 464 98 316 7 464 24.4 98 73 64.3 42.8 293 63
"80734" 2972 833 1788 48.6 2972 225.4 833 511 608.1 402.6 1628 590
"80735" 431 155 228 7.8 431 53.6 155 59 106.3 98.8 217 116
"80736" 576 110 385 3 576 36.4 110 100 92.2 63.2 366 95
"80737" 1568 355 1060 19.6 1568 105 355 419 259.9 185.4 794 257
"80740" 154 36 91 2.6 154 9.6 36 31 26.1 17.6 87 23
"80741" 774 171 458 5.8 774 57.8 171 111 136.4 101.4 492 142
"80742" 277 88 157 5.8 277 19.8 88 55 52.8 37.8 134 59
"80743" 976 222 652 11.4 976 69.6 222 220 162.7 123.2 534 165
"80744" 484 80 300 3 484 19 80 80 69.6 32.6 324 65
"80745" 178 56 100 0 178 25.8 56 20 48.2 48.2 102 56
"80746" 46 0 42 0 46 0 0 37 0 0 9 0
"80747" 502 89 309 3.4 502 27.8 89 65 73 49 348 72
"80749" 305 39 219 1.6 305 14.8 39 61 40.7 25.2 205 31
"80750" 278 44 200 5.6 278 8 44 71 14.4 14.4 163 16
"80751" 18826 3500 11216 192.8 18826 938.4 3500 2960 2874.9 1696.4 12366 2536
"80754" 193 62 127 2.2 193 17 62 18 47 31 113 51
"80755" 142 7 70 0.4 142 1.2 7 9 12.9 2.4 126 5
"80757" 322 107 177 4.6 322 34 107 27 79.9 62.4 188 84
"80758" 3899 1145 2167 66.2 3899 308.4 1145 581 813.3 562.8 2173 814
"80759" 4670 1066 3099 76 4670 243.8 1066 942 638.1 448.6 2662 686
"80801" 100 15 80 0 100 6 15 34 17.5 10 51 15
"80802" 299 120 138 6.4 299 44.4 120 19 80.8 78.8 160 88
"80804" 330 79 220 4.8 330 14.6 79 73 53.3 25.8 178 55
"80805" 553 163 319 7.2 553 48.4 163 69 120.8 88.8 321 127
"80807" 5313 1144 3348 70.2 5313 319.8 1144 897 753.4 583.4 3272 793
"80808" 6053 1525 3709 69.6 6053 476 1525 671 1112.6 857.6 3857 1177
"80809" 1651 294 1175 17.6 1651 77.4 294 330 205 137 1027 206
"80810" 1293 299 776 18.6 1293 74.4 299 168 201.6 137.6 826 206
"80812" 169 33 135 1 169 8.4 33 38 26.1 15.6 98 28
"80813" 2087 542 1194 48.4 2087 106.4 542 257 286.9 194.4 1288 300
"80814" 4043 622 3081 9 4043 221.4 622 493 622.5 381 2928 577
"80815" 850 205 552 12 850 50.8 205 193 151.2 93.2 452 145
"80816" 5190 877 3831 45.4 5190 215.8 877 1189 645.5 387 3124 650
"80817" 28157 9309 13815 531.6 28157 2549.2 9309 1649 6451.2 4643.2 17199 6651
"80818" 289 63 178 2.2 289 22.2 63 66 49.4 39.4 160 52
"80819" 744 163 507 6.2 744 39.2 163 115 135.8 70.8 466 132
"80820" 609 70 533 0 609 20.8 70 246 62.6 41.6 293 70
"80821" 990 180 704 8.8 990 61.4 180 313 133 109 497 136
"80822" 324 119 166 4.8 324 33.4 119 30 90.5 61 175 95
"80823" 175 35 109 3 175 4.2 35 56 21.4 7.4 84 20
"80824" 258 77 151 3 258 24.2 77 52 60.4 41.4 129 62
"80825" 487 163 266 7.6 487 46 163 47 121.1 83.6 277 125
"80827" 606 0 577 0 606 0 0 206 14.5 0 400 0
"80828" 3645 574 2424 27.6 3645 149 574 395 420.8 275.8 2676 436
"80829" 5717 794 4220 33.2 5717 259.2 794 822 611.2 469.2 4101 628
"80830" 159 0 156 0 159 0 0 68 0 0 91 0
"80831" 24009 7420 13815 350 24009 2153.4 7420 1764 5620.6 3844.6 14825 5670
"80832" 537 140 374 12 537 27 140 96 78.4 47.4 301 80
"80833" 527 73 408 0.4 527 31.2 73 137 68.6 53.6 317 71
"80834" 257 34 184 1 257 7 34 82 38.7 12.2 141 29
"80835" 843 204 562 8 843 47.4 204 134 156.6 86.6 505 164
"80836" 1121 312 668 17.4 1121 68 312 145 245 120 664 225
"80840" 6046 752 627 51.6 6046 201 752 15 1207.7 356.2 5279 494
"80860" 549 72 429 1.4 549 26.6 72 79 69.2 46.2 398 65
"80861" 209 34 132 2.2 209 6 34 61 21.8 10.8 114 23
"80862" 38 5 29 0.4 38 0 5 11 3 0 22 3
"80863" 11924 2541 8221 101.4 11924 702 2541 1695 1971.5 1274 7688 2034
"80864" 1142 244 806 8 1142 74.4 244 149 192 136 749 204
"80902" 12468 4645 2637 408.8 12468 1095.4 4645 0 2601.3 2017.8 7823 2601
"80903" 15166 1680 8248 88 15166 396.6 1680 1608 1892.7 716.2 11878 1240
"80904" 19884 2688 13416 161 19884 787.4 2688 4385 1939.3 1399.8 12811 1883
"80905" 17341 3964 9840 288.8 17341 918.2 3964 2118 2461.8 1661.8 11259 2520
"80906" 36846 8355 21949 482 36846 2356.8 8355 5688 5891.3 4240.8 22803 5945
"80907" 27265 4930 17369 242.6 27265 1441.4 4930 4352 3697.7 2584.2 17983 3717
"80908" 13924 3592 9121 115.2 13924 1057.8 3592 1763 2980.7 1904.2 8569 3016
"80909" 37199 8903 21828 564.8 37199 2368.2 8903 5572 5981 4269 22724 6079
"80910" 29674 7887 15172 480 29674 2141 7887 3522 5457.9 3859.4 18265 5487
"80911" 31912 8812 17560 464.4 31912 2502.6 8812 3858 6314.6 4472.6 19242 6490
"80913" 3269 96 280 2.6 3269 38 96 0 340.2 71.2 3173 83
"80914" 311 0 2 0 311 0 0 0 29 0 311 0
"80915" 20237 4969 11182 306 20237 1326 4969 2348 3429.2 2409.2 12920 3439
"80916" 38632 12088 16564 965.4 38632 2692 12088 2092 7188 4982 24452 7261
"80917" 30862 6988 17765 475.2 30862 1666.8 6988 3947 4745 2986 19927 4612
"80918" 48407 10907 26901 542.4 48407 3179 10907 5746 8605.7 5722.2 31754 8195
"80919" 27701 5982 18068 295.2 27701 1676.6 5982 3653 4476.4 3015.4 18066 4506
"80920" 38320 10787 21869 436.8 38320 3131.2 10787 3182 8590.2 5605.2 24351 8603
"80921" 19673 5837 11863 262 19673 1791.2 5837 2216 4412.1 3217.6 11620 4527
"80922" 26905 8583 14518 379.4 26905 2614.6 8583 2085 6339.6 4726.6 16237 6686
"80923" 28292 8689 14965 547.6 28292 2423 8689 1200 5806.6 4328.6 18403 5951
"80924" 5975 2215 2967 73 5975 749.8 2215 115 1740.9 1353.4 3645 1850
"80925" 7032 2336 3539 134.8 7032 710.8 2336 313 1628 1252 4383 1662
"80926" 1485 276 931 9.6 1485 106.6 276 220 208 191 989 228
"80927" 1153 325 576 14.4 1153 93.2 325 35 242 168 793 253
"80928" 1088 240 676 17.2 1088 47.8 240 113 145.4 91.4 735 154
"80929" 282 18 229 0 282 4.2 18 42 18 7 222 18
"80930" 1003 306 488 33 1003 45.6 306 168 131 86 529 141
"80938" 31 0 31 0 31 0 0 0 0 0 31 0
"80939" 0 0 0 0 0 0 0 0 0 0 0 0
"80951" 3942 1440 1776 75.4 3942 430 1440 77 972.6 783.6 2425 1063
"81001" 29614 7005 16877 419 29614 1870.2 7005 4457 5154.7 3364.2 18152 4910
"81003" 15709 3419 9525 204.6 15709 934.8 3419 2250 2455.4 1680.4 10040 2396
"81004" 25705 5954 15287 369.2 25705 1663.4 5954 3966 4139 2979 15785 4108
"81005" 30692 7217 19570 350.8 30692 2089.2 7217 5975 5351.4 3768.4 17500 5463
"81006" 11762 2622 7409 89.4 11762 864.6 2622 2033 2169.8 1549.8 7107 2175
"81007" 30674 8313 17960 374.2 30674 2528 8313 4116 6466.6 4467.6 18245 6442
"81008" 10379 2410 6302 163.2 10379 577.6 2410 1543 1574.4 1050.4 6426 1594
"81019" 1541 376 1020 13 1541 135 376 426 311 239 739 311
"81020" 955 130 686 6.8 955 23.2 130 275 108.8 40.8 550 96
"81021" 7 0 2 0 7 0 0 2 0 0 5 0
"81022" 1418 280 932 24.2 1418 56.2 280 370 171.2 102.2 768 159
"81023" 1245 317 840 10.4 1245 105.6 317 189 258.8 182.8 739 265
"81024" 97 15 63 0 97 9 15 6 15 15 76 15
"81025" 896 173 604 5.6 896 46.4 173 222 144.9 84.4 501 145
"81027" 120 24 87 1.8 120 6.8 24 33 12.8 12.8 63 15
"81029" 255 36 183 3.2 255 6.8 36 95 22.1 11.6 124 20
"81030" 142 38 83 1 142 12.4 38 10 29.2 23.2 94 33
"81033" 288 38 219 3.2 288 1.6 38 49 35.2 3.2 201 22
"81036" 984 253 601 8.6 984 57.6 253 193 209.7 103.2 538 210
"81038" 407 0 307 0 407 0 0 26 0 0 381 0
"81039" 1747 435 1128 20 1747 138.6 435 420 319.3 243.8 892 335
"81040" 354 21 320 2 354 0 21 128 17.5 0 205 11
"81041" 777 265 405 14.8 777 74.4 265 68 201.5 128 444 191
"81043" 46 9 37 0.8 46 2.6 9 3 4.6 4.6 34 5
"81044" 306 90 197 6.6 306 23.6 90 65 53.4 42.4 151 57
"81045" 78 10 57 0.2 78 4 10 13 10.6 7.6 55 9
"81047" 1637 438 1004 32.4 1637 100 438 303 272.3 180.8 896 276
"81049" 308 51 231 0 308 14.2 51 119 56.8 25.8 138 51
"81050" 9645 2286 5987 123.6 9645 599.2 2286 1616 1702.4 1084.4 5743 1668
"81052" 9239 2433 5323 125 9239 710.4 2433 1428 1841.4 1266.4 5378 1808
"81054" 4666 701 3312 38.2 4666 195.2 701 760 478.1 349.6 3205 510
"81055" 1429 189 1105 11.6 1429 46 189 444 136.6 83.6 796 131
"81057" 442 169 244 3.4 442 58.2 169 31 144.5 103 242 152
"81058" 934 151 658 1.8 934 44.2 151 192 154.5 79 591 142
"81059" 347 19 236 1 347 5 19 48 12.4 9.4 280 14
"81062" 1940 283 1218 12 1940 98.8 283 114 258.8 178.8 1543 223
"81063" 2478 432 1613 20.8 2478 148.8 432 334 341.2 263.2 1712 328
"81064" 267 38 206 3 267 6.4 38 68 21.6 11.6 161 23
"81067" 6144 1490 3741 86.4 6144 428 1490 1219 1089.2 771.2 3435 1058
"81069" 1554 268 1220 8.2 1554 83.8 268 425 242.3 143.8 861 227
"81071" 338 141 182 8.2 338 43.4 141 45 93.9 77.4 152 100
"81073" 1856 407 1316 18.8 1856 105 407 484 306.4 187.4 965 313
"81076" 664 96 359 10.6 664 14.2 96 92 94.7 24.2 476 43
"81077" 522 135 257 7.4 522 38.2 135 91 92.5 69 296 98
"81081" 36 0 36 0 36 0 0 21 0 0 15 0
"81082" 12046 2516 7704 131.6 12046 771.6 2516 2285 1948.5 1362 7245 1858
"81084" 121 23 89 0 121 11.2 23 26 20.4 20.4 72 23
"81087" 235 113 104 5.4 235 44.4 113 29 78.8 78.8 93 86
"81089" 4399 808 3015 20.8 4399 304.6 808 1094 684.5 547 2497 704
"81090" 1075 215 687 19.8 1075 41.6 215 237 127.4 76.4 623 116
"81091" 844 179 599 7.8 844 49.2 179 156 137.4 84.4 509 140
"81092" 816 195 501 9.8 816 58 195 95 147.3 106.8 526 146
"81101" 15330 3762 7828 224.6 15330 1035.8 3762 1798 2925.4 1861.4 9770 2639
"81120" 2052 494 1295 27.4 2052 143.8 494 384 334.2 260.2 1174 357
"81121" 262 29 192 4.8 262 2.4 29 53 4.4 4.4 180 5
"81122" 7909 1650 5444 87.4 7909 469.4 1650 1071 1217.3 837.8 5188 1213
"81123" 1112 300 657 16.4 1112 66.6 300 164 219.1 122.6 648 218
"81124" 106 20 49 0 106 5.6 20 13 17.2 11.2 73 20
"81125" 3251 900 1865 63.6 3251 211.6 900 370 585.6 375.6 1981 582
"81126" 215 27 188 0 215 4.8 27 74 24.6 9.6 114 27
"81128" 117 37 62 7.4 117 0 37 6 0 0 74 0
"81129" 187 30 157 3.4 187 5.2 30 36 10.4 10.4 121 13
"81130" 726 41 655 1.8 726 14.8 41 298 31.2 25.2 387 32
"81131" 1173 268 868 11.2 1173 88.2 268 213 190.7 162.2 692 212
"81132" 3249 784 1922 41.6 3249 228.8 784 534 578.4 408.4 1931 576
"81133" 876 154 645 7.4 876 35.6 154 211 128.6 67.6 511 117
"81136" 171 39 108 2.8 171 8 39 36 26 16 96 25
"81137" 5704 1378 3501 95.4 5704 322 1378 719 912.3 578.8 3607 901
"81138" 42 0 42 0 42 0 0 0 0 0 42 0
"81140" 2718 757 1570 34.2 2718 221.4 757 549 571.5 407 1412 586
"81141" 1436 476 739 25.4 1436 130.6 476 197 359.4 233.4 763 349
"81143" 667 79 500 1.4 667 31 79 117 94.8 55.8 471 72
"81144" 7015 1838 4245 93.8 7015 548.2 1838 1084 1333.6 980.6 4093 1369
"81146" 652 154 390 7.4 652 42.8 154 82 122.4 78.4 416 117
"81147" 11593 2143 8146 110.2 11593 580.4 2143 2303 1591.7 1049.2 7147 1592
"81148" 335 101 179 6.2 335 19 101 38 71.4 33.4 196 70
"81149" 951 160 694 13.2 951 40.2 160 210 103.6 68.6 581 94
"81151" 1362 392 825 21 1362 126.8 392 174 274 226 796 287
"81152" 1274 227 947 8.6 1274 86 227 386 182.5 154 661 184
"81154" 1397 209 1016 8.4 1397 60.8 209 393 183.1 111.6 795 167
"81155" 362 0 310 0 362 0 0 128 0 0 234 0
"81201" 8888 1503 6377 71.8 8888 419.4 1503 1932 1109.1 756.6 5453 1144
"81210" 223 101 122 0 223 53.6 101 0 94 94 122 101
"81211" 7364 1069 5364 64.8 7364 307.2 1069 1635 720.8 554.8 4660 745
"81212" 30211 5038 20347 275.2 30211 1443.8 5038 5828 3666.9 2555.4 19345 3662
"81220" 117 4 113 0 117 2.4 4 65 4 4 48 4
"81221" 274 69 174 5 274 13.2 69 76 39.8 24.8 129 44
"81222" 378 141 237 0 378 64.8 141 30 133.2 113.2 207 141
"81223" 1480 179 1295 1.4 1480 55.8 179 412 164.2 98.2 889 172
"81224" 3677 912 2297 61.4 3677 201.8 912 269 556 385 2496 605
"81225" 857 100 606 3.2 857 39.6 100 83 84.3 70.8 674 84
"81226" 9090 1417 6538 62 9090 432.8 1417 1321 1129.9 760.4 6352 1107
"81227" 12 0 12 0 12 0 0 0 0 0 12 0
"81230" 9235 1634 4893 83 9235 446.6 1634 934 1285 825 6667 1219
"81231" 567 0 0 0 567 0 0 0 248 0 567 0
"81232" 5 0 5 0 5 0 0 0 0 0 5 0
"81233" 1176 131 812 12.4 1176 31 131 344 58.6 58.6 701 69
"81235" 737 105 590 13 737 9.8 105 197 40.3 17.8 435 40
"81236" 889 114 752 0 889 47.8 114 352 105.4 85.4 423 114
"81237" 152 49 103 0 152 29.4 49 36 49 49 67 49
"81239" 0 0 0 0 0 0 0 0 0 0 0 0
"81240" 3698 838 2481 33.6 3698 238.2 838 694 670.2 420.2 2166 670
"81241" 65 4 61 0 65 0 4 22 4 0 39 4
"81242" 985 197 563 12.8 985 54.4 197 176 152.9 96.4 612 133
"81243" 142 28 104 0 142 12.6 28 33 30.5 21 81 28
"81244" 338 80 210 6.4 338 24.6 80 65 56.8 43.8 193 48
"81248" 136 57 79 0 136 30.4 57 9 53.2 53.2 70 57
"81251" 141 16 125 0 141 0 16 19 16 0 106 16
"81252" 3756 593 2870 26.2 3756 151 593 990 463.6 276.6 2173 462
"81253" 571 79 485 0 571 36.4 79 222 75.1 65.6 270 79
"81301" 29280 5316 17246 300.6 29280 1464 5316 3716 4252.6 2633.6 20248 3813
"81303" 7799 1670 5116 81 7799 502 1670 1031 1229.5 906 5098 1265
"81320" 190 21 169 0 190 8.6 21 81 20 15 88 21
"81321" 14284 3424 8785 175.4 14284 955 3424 2549 2605.9 1715.4 8311 2547
"81323" 4959 1108 3235 67.6 4959 317.8 1108 824 747.8 565.8 3027 770
"81324" 1181 259 830 11.4 1181 91.8 259 282 187.6 162.6 640 202
"81325" 177 33 131 0 177 15.2 33 5 31.9 28.4 139 33
"81326" 2063 476 1415 8.4 2063 165.2 476 280 430.3 294.8 1307 434
"81327" 806 205 556 11.8 806 79.4 205 144 160.3 137.8 457 146
"81328" 4092 701 3099 35.2 4092 220.8 701 909 489.3 396.8 2482 525
"81330" 50 0 50 0 50 0 0 0 0 0 50 0
"81331" 324 25 284 2.8 324 4.4 25 80 8.8 8.8 219 11
"81332" 189 35 131 1.6 189 13.2 35 37 30 24 117 27
"81334" 1242 401 630 21.6 1242 95.6 401 85 293.6 173.6 756 293
"81335" 94 0 94 0 94 0 0 0 0 0 94 0
"81401" 22235 4728 14662 250.8 22235 1347.6 4728 4676 3395.6 2441.6 12831 3474
"81403" 11103 2636 7373 115.8 11103 753.4 2636 2245 2040.7 1350.2 6222 2057
"81410" 1577 284 1165 12.8 1577 114.2 284 499 227.5 195 794 220
"81411" 14 0 14 0 14 0 0 14 0 0 0 0
"81413" 5016 985 3563 43.4 5016 289.6 985 1454 742 520 2577 768
"81415" 1438 309 1019 12.8 1438 81.6 309 293 240.8 144.8 836 245
"81416" 13787 3124 8761 203.4 13787 819.2 3124 2579 2167.8 1484.8 8084 2107
"81418" 1786 397 1261 17.8 1786 113.2 397 526 307.8 200.8 863 308
"81419" 3789 694 2628 18.6 3789 221.6 694 876 603.8 398.8 2219 601
"81422" 588 102 420 7.2 588 21 102 136 78.9 37.4 350 66
"81423" 1527 308 1126 24.2 1527 84.4 308 238 173.3 150.8 981 187
"81424" 1143 224 819 11.8 1143 63 224 187 170.3 111.8 732 165
"81425" 5119 1497 3030 66 5119 431.4 1497 775 1144.8 779.8 2847 1167
"81426" 132 54 75 5.2 132 11.8 54 5 23 23 73 28
"81427" 902 121 678 7.8 902 28.2 121 235 87.5 51 546 82
"81428" 3883 926 2572 22.8 3883 290 926 714 807.7 509.2 2243 812
"81429" 88 6 82 0 88 3 6 33 5.4 5.4 49 6
"81430" 572 65 469 0 572 25.2 65 68 69 44 439 65
"81431" 437 79 301 2.8 437 19.4 79 49 64.7 34.2 309 65
"81432" 2825 475 2092 12.2 2825 153.2 475 594 436.3 274.8 1756 414
"81433" 616 60 401 5.6 616 13.4 60 89 31.8 23.8 467 32
"81434" 143 18 89 0 143 0 18 5 36 0 120 18
"81435" 5260 992 3289 51.2 5260 272.8 992 356 703 498 3912 736
"81501" 24610 5147 12302 314.2 24610 1413.4 5147 2868 4253.5 2559 16595 3576
"81503" 14656 3347 8863 272.6 14656 715.8 3347 2211 1960.7 1320.2 9098 1984
"81504" 29628 7287 16999 446 29628 2032.8 7287 4018 4916.5 3684 18323 5057
"81505" 8919 1784 5708 69.4 8919 539.6 1784 1713 1423.8 972.8 5422 1437
"81506" 10907 1989 7713 108.4 10907 551.2 1989 3167 1350.6 1009.6 5751 1447
"81507" 15849 3799 10644 183.8 15849 1149.2 3799 3339 2828.7 2039.2 8711 2880
"81520" 13392 3523 7294 220 13392 941.8 3523 1590 2376.6 1706.6 8279 2423
"81521" 14830 3893 9394 161 14830 1070.8 3893 2001 3086.7 1901.2 8936 3088
"81522" 25 0 25 0 25 0 0 12 0 0 13 0
"81523" 1117 132 955 3 1117 54 132 235 108 96 750 117
"81524" 2066 463 1285 22 2066 104.8 463 209 418.6 189.6 1394 353
"81525" 1020 328 464 22.8 1020 78.6 328 92 197.7 148.2 600 214
"81526" 5445 1118 3740 35.6 5445 337.8 1118 926 921.9 605.4 3401 940
"81527" 1902 381 1351 19.6 1902 99.6 381 444 273.6 175.6 1077 283
"81601" 16368 3616 9510 246.2 16368 970.8 3616 1478 2425.6 1755.6 11274 2385
"81610" 444 131 238 14 444 26.6 131 73 54.1 50.6 240 61
"81611" 9821 1606 6821 94.6 9821 457.6 1606 1560 1136.6 801.6 6655 1133
"81612" 0 0 0 0 0 0 0 0 0 0 0 0
"81615" 2852 493 1846 0 2852 232 493 283 480.2 403.2 2076 493
"81620" 10767 2461 5672 128.6 10767 722.4 2461 461 1754.8 1320.8 7845 1818
"81621" 6564 1188 4071 67.6 6564 275.2 1188 669 882.1 499.6 4707 850
"81623" 14530 3774 8712 212 14530 1153.2 3774 1373 2754.1 2047.6 9383 2714
"81624" 1480 310 838 16.4 1480 81.2 310 249 258.4 148.4 921 228
"81625" 12425 3265 7323 171.6 12425 937.8 3265 1422 2402 1669 7738 2407
"81630" 742 177 484 8.6 742 47 177 118 133.3 85.8 447 134
"81631" 8128 2169 5169 148.2 8128 603.4 2169 621 1327.9 1113.4 5338 1428
"81632" 9493 2430 5448 93 9493 787.6 2430 798 1938.4 1408.4 6265 1965
"81633" 0 0 0 0 0 0 0 0 0 0 0 0
"81635" 6409 1805 3909 101.2 6409 436.8 1805 1038 1292.8 772.8 3566 1299
"81637" 8009 2417 4640 109.2 8009 677.8 2417 348 1780.8 1261.8 5244 1871
"81638" 279 90 186 7.2 279 24.4 90 28 48.4 44.4 161 54
"81639" 2289 552 1455 26.4 2289 151.8 552 226 418.2 268.2 1511 420
"81640" 138 10 93 0 138 3 10 25 9.4 5.4 103 10
"81641" 3603 887 2446 47.4 3603 244.6 887 512 589 451 2204 650
"81642" 121 0 101 0 121 0 0 60 0 0 61 0
"81643" 789 132 572 7.4 789 28.2 132 168 110.9 49.4 489 95
"81645" 1154 162 826 8.4 1154 59.2 162 120 111.4 104.4 872 120
"81646" 209 57 152 3.2 209 16.4 57 59 38.8 28.8 93 41
"81647" 6961 2109 4030 66 6961 661.4 2109 519 1652.5 1205 4333 1779
"81648" 2677 706 1357 43 2677 183 706 277 540.5 339 1694 491
"81649" 268 49 178 3.4 268 11.4 49 20 29 21 199 32
"81650" 13431 3967 7383 215.6 13431 1160.8 3967 1187 2798 2102 8277 2889
"81652" 4377 1135 2691 57.2 4377 295 1135 366 862.1 532.6 2876 849
"81653" 45 14 24 0 45 8.4 14 0 14 14 31 14
"81654" 1101 186 728 14.8 1101 52 186 92 109.4 88.4 823 112
"81655" 94 65 29 3.8 94 24.8 65 0 43.2 43.2 29 46
"81656" 385 82 303 0 385 17.4 82 44 82 29 259 82
"81657" 5737 519 3861 10.8 5737 172.2 519 669 455.7 316.2 4549 465
"82063" 21 0 21 0 21 0 0 12 0 0 9 0
